src,dst,count
#தொண்டனின்தேர்வுTTV,@AmmkITMuthu,33
#தொண்டனின்தேர்வுTTV,@Sangeethakama10,21
#தொண்டனின்தேர்வுTTV,@Devimagan,20
#தொண்டனின்தேர்வுTTV,@TTVDhinakaran,15
#தொண்டனின்தேர்வுTTV,@SvsMaharani,13
#தொண்டனின்தேர்வுTTV,@IDWingPandiAMMK,9
#தொண்டனின்தேர்வுTTV,@Nachiyar1497,8
#தொண்டனின்தேர்வுTTV,@ammkparthi,8
#தொண்டனின்தேர்வுTTV,@IAMMARAMESH,8
#தொண்டனின்தேர்வுTTV,@AlsyedAli4,7
#தொண்டனின்தேர்வுTTV,@ItsHarishG2H,6
#தொண்டனின்தேர்வுTTV,@Vijayapandi2496,6
#தொண்டனின்தேர்வுTTV,@kannansankar6,6
#தொண்டனின்தேர்வுTTV,@kavisridineshg,6
#தொண்டனின்தேர்வுTTV,@AlaudeenSyed7,5
#தொண்டனின்தேர்வுTTV,@Manjula_Ammk,5
#தொண்டனின்தேர்வுTTV,@ArunaRaja9,5
#தொண்டனின்தேர்வுTTV,@ThalaMeeran,5
#தொண்டனின்தேர்வுTTV,@MelurYasinAmmk,5
#தொண்டனின்தேர்வுTTV,@alaguruban1,4
#தொண்டனின்தேர்வுTTV,@usilaihari21,4
#தொண்டனின்தேர்வுTTV,@MarutharajaW,4
#தொண்டனின்தேர்வுTTV,@karuppasamy18,4
#தொண்டனின்தேர்வுTTV,@Athiclintan,4
#தொண்டனின்தேர்வுTTV,@PookadaiMaari,4
#தொண்டனின்தேர்வுTTV,@AMMKITWINGoffcl,4
#தொண்டனின்தேர்வுTTV,@Mohanra47814072,4
#தொண்டனின்தேர்வுTTV,@ammk_wing,3
#தொண்டனின்தேர்வுTTV,@strRaji2,3
#தொண்டனின்தேர்வுTTV,@Luckymurugan4,3
#தொண்டனின்தேர்வுTTV,@VeeramaniD19,3
#தொண்டனின்தேர்வுTTV,@Prabha0745,3
#தொண்டனின்தேர்வுTTV,@rajannata8,3
#தொண்டனின்தேர்வுTTV,@Ramakri74350460,3
#தொண்டனின்தேர்வுTTV,@Mohanku27894438,3
#தொண்டனின்தேர்வுTTV,@VenkatR92979727,2
#தொண்டனின்தேர்வுTTV,@sivaphrashanth,2
#தொண்டனின்தேர்வுTTV,@kmr_kavi,2
#தொண்டனின்தேர்வுTTV,@AParthasarathy1,2
#தொண்டனின்தேர்வுTTV,@RamAmmkitwing,2
#தொண்டனின்தேர்வுTTV,@ameer_poovai,2
#தொண்டனின்தேர்வுTTV,@SlfLakshmi,2
#தொண்டனின்தேர்வுTTV,@KaruppuTtv,2
#தொண்டனின்தேர்வுTTV,@SathyaR03769370,2
#தொண்டனின்தேர்வுTTV,@SelavayalS,2
#தொண்டனின்தேர்வுTTV,@sharewithsurii,2
#தொண்டனின்தேர்வுTTV,@IYPUydP3TX0uIQr,2
#தொண்டனின்தேர்வுTTV,@kirupatvs,2
#தொண்டனின்தேர்வுTTV,@Mannaisiva2,2
#தொண்டனின்தேர்வுTTV,@SuriyaAps,2
#தொண்டனின்தேர்வுTTV,@siva_natarajan,1
#தொண்டனின்தேர்வுTTV,@sila_ammk,1
#தொண்டனின்தேர்வுTTV,@simbukr63304572,1
#தொண்டனின்தேர்வுTTV,@MrBELL2592,1
#தொண்டனின்தேர்வுTTV,@leninvengai,1
#தொண்டனின்தேர்வுTTV,@saronsivaganga,1
#தொண்டனின்தேர்வுTTV,@ammkofficial,1
#தொண்டனின்தேர்வுTTV,@Tamilsubbu4,1
#தொண்டனின்தேர்வுTTV,@KkRayal,1
#தொண்டனின்தேர்வுTTV,@acmeraj,1
#தொண்டனின்தேர்வுTTV,@GomatiSivam,1
#தொண்டனின்தேர்வுTTV,@RampandiAmmk,1
#தொண்டனின்தேர்வுTTV,@Lenin2206,1
#தொண்டனின்தேர்வுTTV,@Poovai_AMMK,1
#தொண்டனின்தேர்வுTTV,@prabacurren,1
#தொண்டனின்தேர்வுTTV,@PSeenikumar,1
#தொண்டனின்தேர்வுTTV,@9QwnzIBTsk9dKJ5,1
#தொண்டனின்தேர்வுTTV,@AyyanarAMMK,1
#தொண்டனின்தேர்வுTTV,@MalathiChandra8,1
#தொண்டனின்தேர்வுTTV,@PrlTtv,1
#தொண்டனின்தேர்வுTTV,@Kabil39709283,1
#தொண்டனின்தேர்வுTTV,@drpprabhu,1
#தொண்டனின்தேர்வுTTV,@PrabaM007,1
#தொண்டனின்தேர்வுTTV,@RRajiniprabhu,1
#தொண்டனின்தேர்வுTTV,@rsaisakthivel,1
#தொண்டனின்தேர்வுTTV,@elaiyarajaraje2,1
#தொண்டனின்தேர்வுTTV,@AmmkItDhinesh,1
#தொண்டனின்தேர்வுTTV,@geetha_pazhani,1
#தொண்டனின்தேர்வுTTV,@Gopal56064478,1
#தொண்டனின்தேர்வுTTV,@sakthivigneshw6,1
#தொண்டனின்தேர்வுTTV,@selvendara,1
#தொண்டனின்தேர்வுTTV,@praghadeshP,1
#தொண்டனின்தேர்வுTTV,@karthik_thinks,1
#தொண்டனின்தேர்வுTTV,@asrinivasanpri2,1
#தொண்டனின்தேர்வுTTV,@Vignesh51257861,1
#தொண்டனின்தேர்வுTTV,@JGRDrZQTisms8pZ,1
#தொண்டனின்தேர்வுTTV,@Balamur55421848,1
#தொண்டனின்தேர்வுTTV,@Jeyakum83099579,1
#தொண்டனின்தேர்வுTTV,@SelvakumarPand7,1
#தொண்டனின்தேர்வுTTV,@PRAGADE79548867,1
